
0.47295208655332305 
0.4843304843304843 0.5393586005830904 
0.5358361774744027 0.408 0.5490848585690515 
0.4682170542635659 0.3867595818815331 0.5155555555555555 0.44834307992202727 
0.46153846153846156 0.2895238095238095 0.5440956651718983 0.3865546218487395 0.3583180987202925 
0.48976377952755906 0.3419593345656192 0.5279878971255674 0.42505133470225875 0.3690909090909091 0.2515090543259557 
0.4944 0.350844277673546 0.5285053929121726 0.22511848341232227 0.36312849162011174 0.3081510934393638 0.3300589390962672 
0.48095238095238096 0.4103019538188277 0.5198170731707317 0.451417004048583 0.42151675485008816 0.3854748603351955 0.4283121597096189 0.417910447761194 
0.5147286821705427 0.3283582089552239 0.5726872246696035 0.3941299790356394 0.39713774597495527 0.3560606060606061 0.3794392523364486 0.38593155893536124 0.4099264705882353 
